40044
3744
30158
23938
31107
38080
3401
3597
35037
8449
34828
4061
37816

282451
29112
13314
952
35692
16834
546386
45960
16331
14699
13972
32676
113341
6253
22087
19830

15294
944
44380
438948
27026
15757
9417
6287
7909
18677
13190
36576

48494
25132

12762
8251
20800
23899
41674
7131

16549
29872
24903
39931

44449
37390
47978
13057
21763
16275
22230
15350
47101

20585
3343
47802
24740
9953

49882
1449
13398
486345
48435
1330
27748
18138
36042
123
18528
35496

35064
34142
27778
11251
37557
33001
8142
18125
27138
17273
17325
19446
26846
33797
3447

38511
19709
46696
27484
9726

106079
41460
22731
46728
2002
33079
45675
39399
407
17988
47710
5683
49955

32607
140
16994
39720
6077
11264
26673
11865
3697
3873
4902
514717
44431

8374
396048
2387
49942
45336
40367
5718
21136
8063
12721
32855
26411
120491
48942

18767
8641
16670
40935
24738
40348
48301
30097
4060
37755
27322
32425
3055
16657
12800
9157

17798
22228
27403
33684
23941
33639
38160
10926
1086

11378
23679
40428
39677
323700

41898
37616
41931
390656
358
33678
44878
47328
23656
16300
42497
42828
16002
29312
19504

27754
40700
19414
22305
22430
11411
37899
36460
39610
26356
43723
1587
34285
12670
227329
39303
1004
39299
18427

7209
9564
42525
32801
31480

40240
13571
10165
25635
428
12709
43660
36087
549344
10916
28076
24553
24420
39922
47903
4994
17109
12675
49126
32814

45523
10917
8078
42425
21145
23373
263064
27460
4065
46294
42159
44180
29816
42554
20621

32497
29004
22177
16863
10378
7200
38949
7230
41760
16338

33479

13296
22537
37793
32213
45098
11080
16802
17454
34925
23303
12349
27567
41281

27836
35954
7032
46708
40918
19724

30942

47744

41277
47596
8088
11467
30407
12264
46936
5654
29385
215548
49698
36621
33736
48603
48011
12167
15753

40193
48041
16468
20817

26818
1537
603
39452
30284
10264
26340
332129
6759

38864
16567
10292
37611
31749
29281
1599
13717
38059
13607
12411
31329
48725
45084
29660
100829
33784

44076
1546

26326
43582
3926
2080
39426
297139
4425
10972
33631
8932

44706
49393
397969
13053
13363
6328
4391
111
2686
33820
21497
39151
29334

1743
45503
44996
33098
22128
37802
22635
24811
347714
35283
28103
14864
31580
18333
46208

325556
7875
22274
31105
40028
34824
13012
33322
36436
33467
470886
32345
25131
33414
11779
17663
20383
7737
27087
22383

339610
8585
41652
9783
6589
2642
25961
25270
34784
3311
14577
14625
3482
33555
46017
37898

12835
654
19060
42545
20039
38637
34307
38898
49832
12151
31413
15411
35823
33769
28339
11847
12623
27130

19676
32642
32996
13020

10594
8795
7630
25012
27960
47130
30033
31428
32995
37086
8438
29802
32332
2145
21535
11095
43715
4874

46239
20764
4221
3460
46626
29038

5516
14821
34616
10185
32593
112140
30202
29932
12539
47667

21094
25050
19893
18951
45057
4447
48903
45140
16302
45002
33028
44576
1327
40409
43672
16619
33889
22024

40975
41108
39864

45981
2722
11378
43010
19119
38629
49943
43565
21782
41086
34558
9454
20438

45496
39701
30717
38532
14205
18715
38079
29945
38949
34794
47118
6355
12241
28596
6257
30919
41851
3915
39799
48274

16989
15838
41617
44943
41861
30424
32920
31785
44514
24995
38258
9833
13368
31381
447301
16279
29761

21379
31307
30103
1461
40792
90544
11894
878
43381
39710
23699

12219
34434
49510
9673
1927
33534
28017
24425
48550
41800
3700
41662
23952

8916
11751

47244
32763
22947
48981
40351
14190
40273
12385
46773
45959
1109
16754
39615
16681

8294
31739
2336
23641
10179
17828
29058
15671
14933

46331
13977
37131
10697
37124
24759
2025
19711
46669
42713
7440
41974
2991
32157
25808
34170
18864
46915
28879

32355
6558
19721
6389
13912

4410
21790
43928
7258
28152
11792
27049
10469
19357
226581
38055

24734
41309
39546
1126
25983
25546
22497
250443
44832
26727
5150
33975
9445
26099
44083
1019
8829

48375
17419
39886
27677
18484
40935
21893
10146
7834
45726

1754
36632
36532
31007
29980
43737
47423
63471
6249
28247
36014
38851
4516

4750
32536
14435

26625

23984
1397
2975
35060
11753
21444
77073
26494
9957
38310
44428
23239
40194

7607
1833
4636
30422
47694
43685
20160

26992
21791

48100
49091
12162
14603
15050
26139
49281
18034
39044
12542
23214
48684
27440
36718
3865
15210
7938
43329
5509

36911
774
25843
10307
496
8654
31033
2271
249246
27478
38211
27368
8325

44778
24143
33147

25420
68536
5364
43546
18426
11603

2981
42818
25958
42508
1530
15049
284026
48425
6249
21685
32956
4513
33662
16221
12839
6285
24665
47312

292556
10190
14512
3469

49734
22593
41807
11535
19696
47556
36143
39188
8920
7883
30829
46053
43085
27507
22578
19917
40222

32029
4324
33164

19082
35358
44444
4827
511
35222
15004
207330
43300
6427
9621
38432
28679
51810

38959
20498

45120
27981
280983
18308
24113
33038
42176
27094

5552
10692
40284
44914

225
34507
12065
42029
12279
1243
484342
46604
47846
81913
3736
44360
24947
21977
27456
34251
46708
17938

26319
9721
49119
5066
3266
38673

29966
27917
27475
6868
23107
34151
44710

29000
39911
164713
26824
22646
10159
36261
662
45151
10544
6624
129558

9727
42930
36495
49789
8014
45397
48285
12996
129647
422208

48121
18720
3758
4778
30477
22535
33279
6257
9466
9396
43191
45565
46391
31865
40290
23927
22570
13429

18207
31173
11672
41836
40839
47166
2615
31824
40011

14808
16757
25307
43510
49683
6909
41498
31552
40422

28122
34165
28311
59875
39142
48935
40906

12356
462273

44077
15103
3359
8712
34275
10712
47228
4039
48009
34730
49872
7751
35971
3134
39501
5425
37214
27090
30734

31362
37404
23285
30503
46643
16259
4149
7898
2248
30765
25211
37609
9685
18584
5225

2939
47059
20081
9906
42337
34222
34684
16734
19100
43080
11303
38893

69094
24551
24825
37900
31265
24406
43561
19296
26591
8780

21095
47310
30178

19072
20370
48201
33769
45479
27351

18109
15237
39352
3421
48113
28702

42364

17329
41361
15240
25997
23938
38345
25430
33635

48872

4557
41982
3360
4582
45752
463
31891
7230
48345
66485
31307

6738
581
28580
3352
20362
11413
13208
43966
10554
41846
12879
13571
14720
32713
10810
20302

20884

3041
35206
13731
12788
27774
34675
479490
11021
26544
43338
37743

14905
47627
7007
15688
37905
40693
16007
40449
47791
10326
17651
13493

38085
37361
388662
23437
80671
13539
4284

40207
499346
13385
48217
16749
30001
504608
35378
47931
45200
16414
29900
22199
36485
22780

29339
849
28617
32827
37143
36147
19466
23274
10276
38857
19382
29344
20942

40319
678
32663
11979
10879
101
19516
35877
27290
30685
8499
9804
19388

28069
1479
36160
40265
3818
9269
49758
21193
27510
35366
22659
31959
8440
36114
17705
20022
6854
1713
9008
6657

15926
30616
540534
1430
15470
39492
1014
23852

6587
46577
45515
30815
45502
21911
19003
789
49737
40738
42491
11664

27075
46513
11893
23867
11358
40797
47644
42996
463435
22823
28649
45148
15539
12202
19357
36525

49390
48203
3931
25529
199790
18405

22225
10230
43066
19850
8590
12260
41204
10893
10754
43472
11759
44750
33173
22231

43597
38845
31502
671
36449
11675
17497
29395
9712

6916
17040
24594
40271
10006
46668
22452
31823
15793
14375
34871
30554
3462
35161
39086
45151
41941
47381

4005
49396
321188
5312
24198
36463
528609
23843

29609
31623

37061
2308
48054
46797
20242
20652
14
12013
44052
40695
25183

49026
20811
30727
9757
39496
40192
30277
18413
23990
14575
19230
5641

8204
45230
4747
48765
34604
155763
3510
9238
5107
32362

26285
18484
9178
11522
44975
39376
21466
14030

43981
31633
23253
35927
37228
13346
32594
28580
31098
40969
13667
46492
27869
11369
19806
4865
32842
34799
37994

41575
34636
27059
6098
44700
16172
21910

11813
48484
49518
36162
32078
7235

11581
12741
48421
30674
10980
682
45016
1898
37871
11444

979
27734
23364
22497
9393
159657
9393
44474
8715
456
390061
23209
40739
140841
34284
27493
46508
5108

27605
23489
8060
33651
47665
11168
39934
37312
12570
19514
30983
36046
31410

2989
7596
3080

27337
43764
50395
16819
41753
18166
1881
1981
48850
25312
24180
5263
26063

485888
26624
44803
43839
43093
33229

28420
5143
37154
18048
22793
37253
32786
25229
23254
34702
21354
1874
28616
22608
12036
6314
17276
3461
1285
6787

10392
46713
12632
8867
22969
11420
17813
2714
29894
2923
5617
24382
29545
34711
1951
14982
46193
14309
33610

22931
10312
6927
33392
31141
738
38312
28980
40015
22802
42448
22405
27785
1805
414
18207
30448

37375
3768
27259
35928
7480
10838
19117
18372
27431
31649
44102
16733
32515
31625
38515
42588
6262
27432
15524
48083

8921
27932
36947
4039
18826

927
43487
10120
38360
1608
7229
27305
40448

38531
23189
759
24060
4649
152079
13419
40755
30878
41944

23283
9858
14526

4974
12253
11233
7310
19267
32403
25823
47392
26173
37419
45049
45746
18999
16522
16927
47391

9644
26671
21774
47058
3772
11672
34720
2374
21037
621
21524
2104
23806
40852

45457
41355
18657
15343
32557
27446
12864
4604
22374
17520
10797
36028
2729
41888
33509
2408
44070

29079
4230
11819
46551
34638
2660
5277
31345
6337
22161
1051
32658
48327
6860
11516
16181

36763
40760
6253
25880
7828
44433
4698
43353
163712
20423
16782
15872
48087
45745
42050
10356
12394

18647
45936
14113
18588
6692
10834
34585
46488
28091
34354
35803
24417
2274
43927
5856
33848
34033
15011

49952
38471
42813
44
27377
14918
19233

29457
819
27821
45524
22494
40885
41861
37377
22201
44816
28521

48995
38934
18174
7503
37624
2594
36035
47583
2538
26950
1521
12794
21400

25412
28386
26018
1105
15994
13787
29600
4011
8037
29243
36593

28362
2956
48291
39658
16121
45711
42700
45750
9526
12771
17327
47659

31714
19617
17134
13022
26331
22202
367729
49513

44157
11474
34907
179604
14647
48804
43948
44021
43936
5664
41703
9994

27034
41304
15647
37056
20721
36477
20950
22720
49311
26211
45400
17567
36758
32136
44872

38258
43063
15146
18213
39383
19545
32479
36529
35716
7305
33308
43265

28143
41490

163784
16099
25134
21327
14313
4877
24519
36615

38683
25757
32264
7647
5665
28235
41510
40405
10935

42180
3970
7812

32332
9671
31008
8689
12736
3625
13311
22525

14035
13202
30020
26497
19726
11399
5666
26222
44127
15583
44644
37921
8677
31612
47182
7116
8596
43444
25647

45373
4920

39376
40650
17793
25040
27637

36314
28703
34800

12370
14420
48130
25756
1793
12924
14943

5593
40689
9900
22167
32922
26832
11818
12543
300345
36692
20188
154814
44906

2315
26121
34035
528405
20880
17085
17358

45335
14912
26009
29936
492
5814
11020
18620
19387
28258
31096

26014
10344
36565
17721
39389
21108
30171
43557
9572
31391
21054
16018
34202
34153
10528
3765
16214
12345
24515

13905
12789
30752
21082
47792
37720
34874
11208
36738
406454
1168
18361
13584
32759
23338
40748
29758
31120
41758

39550
37265
17249
12301

2941
23838
46661
40875
41021
25665
19164
17954
19951
42137
17630

5
35057
1451
41624
16652
884
20281
44341
456
38896
19843
49122
41614
43607
32179

32184
5048

18759
8142
47386
5228
416746
30899
16601
85
7810
131489
30109

12289
5443
45512
42968
310150
1102
30473
101074
44941
11744
1468
30296
5701
8531
25965

4606
28724
34137
24752
34818
44551

37383
35508
19645
12534

9182
17197
262
47356
28308
11644

12133
41202
30121
16485
20056
29786
2544
19169
3249
6965
14215
45241
25712

10378
20934
24743
18031
30007
13163
19833
38450
2280
10919
7483
40676
5800
30408

15021
21475
26230
18725
16335
22474
44918
2297
2293
30581
4966
46714
21321
35055
12288

27309
21981
7975
40017
19324
22917
16690
328403
39053
41925

22570
32354
40526
16948
10211
46476
5787
388152
40490
11749
23293
28953
17623

15755
43742
4792
401233
25618
48336

15790
19843
41734
30354
36503
44487

23440
5968
18011
45959
23282
46845
32139
41222
17249

24863
548
7784
48822
39358
36788
49453
33671
40057

18162
230053
34927
37472
37925
11610
45937

28887
48345
1689
3723
31758
10523
32719

40925
31260
102
7332
8689
41352
12152
19917
32528
27941
29009
30312
30107

11888
43997

29092
39720
45569
49473
8662
40910
44466
410
38147

17156
248
6806
10764
49001
33167
33853
44910
35572
45225
16976
19638

201985
6566
49256
18472

2171
43190
513
34048
375571
46229
30006
33310
33074
43985
20781
49530
30123
40942
2967
49726

42916
49229
16660
15193
45490
49085
23499
15615
34653
438711
562

1408
273805
43150
42217
36656
41095
27820
36014
35847
45985
16054
355
37659
49814
1949
16907
28672
40437

32655
92853
21135
19821
15448
13690
29058
24057
48786
368219
12767
18475
15203
26563
44974

43981
6694
32264
5804
1576
23798
639
33636
37366
35129
9356
22367
14980
162
21878
39185
185105
278568

322744
16289
24901
168835
25857

38798
21092
13830
21753

38267
8594
25453
11898

36542
33000
18686
12547
24802
3116

41914
14322
30665
44525
10849
28447
18662
397836
216490
33454
1306
12669
33646
21042
26692
2905
24306
7730

133822
18561
25598
36413
47309
37436
427
16922
10441
21525
34204
27062

12020
34037
3656
4710
10311
42758
8875
44681
42397
8980
27218
610
441842
24584
28041
32748

33137
18602
30875

19689
32569

193175
25878
12450
14765
16657
10399
46082
45678
8141
9991
44609
16164
30707
11526
283
25411
9913
31431

400448
33049
41128
46480
12715
24662
1517
438218
48457
9874
45483
16454
27215
44543
8122
11248

44297
21468
17549
40402

37914
28593
6111
13991
43221
17790
44104
2718

27192
33814
2246
35284
5799
11704
10964
467

30502
46352

5925
400062
14424
17374
10775
7682
25134
5406
49994
45956
23758
92423
27533
21080

15573
40339
23820
33022
22369
39157
10128

36408
35192
33062
96278
41352
47398
4923
2564
404
29676
23352
35671
23392
40890
14597
31453
12846
3760
30497
19081

32831
6350
18492
18066
41716
7728
405169
32484
352
41806
3322

212761
16448
13841
791

16719

1563
20441
8079

17171
3128
41104
37876
27526
24777
10221
30866
34246
26885
17461
20188
11519
6629
10982
41125
28033

35489
31092
7964
25880
15216
3249
30531

46397
28152
22350
19489
3482
43116
66418
21566
39342
15637

4279
48703
12611
43510
20653
5892

38830
28586
24496
21494
9381
5114
13719
15655
1254
49987
23384
12896
45697
28694
28283
46317

24904
5523
29632
49058
10955
38877
44716
23018
925
42781
36199
15161
13163
3225
1585

42841
34279
24461
31576
1075
21201
5354
12209
23063
17532
38063
24040

12956
29246
2922
23735
42281
38564

4536
31172

2878
18525
37291
11513
24805
20211
44087
20393
30413
31335

23617
42336
30937
39495
5313
31339
523152
23183
36833
42234

30044
39084
473
40106
6351
21777
2565
30395
17291
3806
40196
26493
12882

48588
1754
32552

49342
29440
539019
16030
35249
43453
17089
40853
6549
10594
12919
43316
38417
17024
28377

44071
32305
18220
32254
19697
43682
642
42547
27328
48484
36516

18137
15863
36006
30135
21016
21176
540132
19494
25321
16609
3690
19561
305207
6416

44730
46868
26396

3341
29042

218
22042
47443
47515
27930
20532
10443
12737
34881
48684
13764
128
10285
9853
35693
4500
12159
24457

38324
15793
13329

82164
42306
46135
22638
36542
16411
29417
18334
26827
33725
15728
31293
29210
2089
37420
30768

23074
4943
44879
33310
47606
13414
14823
33402
44953
19738
36387
15049
8123
47897
20584

43658
4132
26935
23736

20226
39507
1926
39059
44355
49070
14831
7572
3936
46982
407350
34531
303

35629
1561
35272
24421
26890
9380
24391
39192
49360
29057
23600
35649
32516
15355
48475
36838
5359
190646

9792
40254
3037
14219

35704
21937
41946
31993
26361
42120
10718

47557
20093
42775
32025
138202
8748
35360
27688
41375
9570
39265
4482
14172
25332
46062
409553

7068
127547
44305
21229
42832
34648
5390
39878
48203
8326
33202
187

22428
354397
40931
16472
3056
13868
4550

266742
12123
20086
23056
30721
20656
5626
48822
25976
19761
91798
18204
27061
4144
22427
139756
81055

1544
31731
21723
23194
1444
17173
36366
9111
34020
22654
42881
9847
46607
1255
43550
26314
48552

36627
37178
21661
5799
286
36474
3126
11039
45175
38566
48178
36216
26913
8484
25023
18695
3099
16629
118719

20080
38597

40891
37492
37427
21027
9422
34127

42612
25089
26093
44945
19722
18112
21828
15446

9164
166841
36438
5420
20954
47412
33881
47694
22568
427451
96741
11734
32859
8724
18388
414
35874
6913

28685
5583
42598
43760
24711

30604
4657
32566
1985

27061
20425
19595
31141
3947
19856

25439
7590
2625
27168
26664
4540
39214
46769
18883
34613
35584
7659
44669
20214

2847
4533
3408
14336
511
44091
21949
13850

21402
3693
32354
2248
21896
32899
44096
11309
32878
9675
20061
23084
37546
43067
27921
16902

20595
11470
40291
48122
362519
14009
34246
28310
29951
10032
40319
10953
6922
15960
39870
20865

32336
42673
17517
906
26595
41052
40999
43174
41055
48553
43886
11833
18904
23077
24447
19274
35642
23307
25063

17480
1018
44254
23878
5800
17394

3986
255
42478
22485
5931
6413
20059
11086
2989
44777
38422
274904

35690
22521
19678
23422
6178
1052
1501
18146

26072
19519
23320
488017
11455
43578
32503
13995
31810
11149
6853
10262
3480
37370

13335
33047
13480

2340
17129
40455
8452
36348
30780

8281
29083
48857
47837
18675
28309
45960
7722
47913
44484
40235
15839
49436
37291
2281
10466
10395
21272
20854

39529
41599

19307
8268
18719
8956
43735
26250
12648
31407
18046
41845
14126
20398

17336
1446
45105
10947
42190
342557
19828
5029
10051
39976
12312
24342
13103

8924
2348
23222
41652
21018
25809
17764
36583
6510
440
30435
23814
43657
27425
24528
31561

261
42020
31664
47193
49043
41355
44569
8587
37205
11740
48943
28559
8600
34897

34702
23632
48683
6377
13353
20960
21323
15909
47976
11646
25307
22049
41460
15083

2948
93583
46625
8294
15811
26137
17523
33454
13386
38537
116129
35907
33692
41197
23825
16128
31107
2736

11030
42446
33006
25116
38032
43869
20567
49116
6729
48606
22755
5648
13547

14396
38766
28891
49828
44993
27953
8790
19346
30549
20185
13250
44069
24497
17074

32199
35784
4223
28952
26643
11203
9742
475126
22379
403381
47445
42149

37223
47648
45405
2848
38469
15085
48214
24631
42498
6097
44576
17910
25151
19282
38959
43400
42156

3913
16031
48553
29860
17155
4821
20005
35959
4134

25971
30256
6877
46428
28101

41284
17761
39976
26256
12856
13695
23273
27235
15589
20069
23693
45644
12934
14432
9312
3592
28218

18194
386928
16877
18078
33557
10846
33721
45562
48613
44753
14553
14697
35276
14060

1766
46830
44303
5367
1995
4496
33472
20200
451497
40653
14062
8077
21967

22385
43878
225326
14202
14669
44582
115
40104
17032
6794
45645
16077
6517
407753
11667
20901
13805
1425

31979
32517

18125
30942
33160
44675
23398
48761
45841
45527
877
24287
23951
19261
35326
40060
19627
35508
16725
28686
14424
38895

37656
24931
21881
26515
25009
35731
258
14780
33872
23346
38414
37108
38841
35640
8592

12600
32574
4400
14753
490431
1912
453725

16079
38150
16331
49581
47780
39488
49680
513335
10680
6250
25562
30023
14205
26359
4485
3562
34383

714
8627
48762
9993
29433
37177
1457
9359
33901
46750
29463
34707
9712
17696

9409

44038
45096
311436
7687
45866
26598
19555
30402
1215
28157
48731
44812
36007
37776
38269
18124

29572
446645
15499
46880
33657
46270
40958
3534
44236

23452
24342
24238
19344
530233
468733

18980
34406
30090
11195
24547
6279
39897
32672
10379
23937
22913

294248
41560
22913
385233
38060
7064
17341
88
11954
26637

2803
30640
25055
17996
342588
15703
38608
45388
66626
28453
157102
37181

7539
7691
986
36980
34838
18877
168067
9150
43417
36521

26913
45060
45957
39064
31743
7030
46893
39905
10891
35930
18957
44623
33552
33759
29056
42193

3605
41852
16752
20927
14725
2847
16103
49527
6220
35139
37909

30445
12057
40831
31823
24208
28579
277051

14922
44165
5987
4412
26451
15153
23959
31588
49860
16543
42529
23889
11354
24187
8721

23644
3231
32857
12177
6302
36229
29473
15833
21856
33206
10060
37811
48058
46207
12637

36281
1453

31304
37472
28090
21852
12050
24226
21568
14180
246322
20000
22259
31352
5581
37530
31027
4572
3210
16291
32098
21568

45794
46453
24939
47365
30786
31894
3617
18927
37025

1307
9255
3721
18521
46393
12671
2236
17731
48368
35532
9302
39897
11415

10959

280497
10356
48593
25388
16248
39908

162474
10791
373099
15844
48610
14969
35057
29186
14427
3898
4575
7097

6916
34559
46524
38969
4762
48647
1477
25383
38689
10176
42180
7477
26443

13831
42330

43583

6460
48491
8956
36684
35602
44761
15445
37250
16288
32325
36237
42717
20440
9381
44983
26308
41095
5832
41628
35782

30543
1070
7906

34052
22682
5604
19415
16798
9182
48401
29576
42995
5901
44278
44558
38578
47325
39472
46872
14189
26518

45933
808
21372
39483
24870
70852

33538
42916
812
9662
7428
4083
5362
6559
20770
44166
88159
20684
24732
27892
9166
21298
9080
3504
12061
40733

44817
367
13054
16563
42766
27704
36560
2747
8619
22330
44109

24676
14820
14410
22579
33074
26133
42129
45431

245397
45515
36888
11031
37425

47887
13578

44750
46754
14584
535302
48654
35787
6733
40887
37701
32259
17368
2800
43004
19033
7733
6448

3202
30888
17924
7081

30468
395896
20352
6814
3220
28606
45329

30714
7909
34867

4422
2207
30159
19930
37088
11697
4458
23946
17366
1808
49540
287
44203

49217
34369
699
39094
43114
33478
200909

30956
28951
32312
48421
241682
47609
14029
20339
7381
38727

1683
30864
15564
13649
30924
32161
23150
628
291557
412234

36095
204279
34538
39402
24877
24949
20287
6508
49748
48258
6226

25994
35621

46435
17012
6865
38020

27423
45723
39619
37132
43176

17242
2116
413176
15814
37539
4801
36683
15561
28404
1304
47357
44974
21945
1335
41170

8412
24301

26219
14323
40397
46789
7290
3332
15933
1297
36963
43844
10617
5628
17333
10200

24785
44684
34358
11933
37936
27126
25050
16220
30469
49354
39707
3709
46595
18571
32049
42873
47169
44722
45057
1363

44841
19775
32205
4483
142534
479

1717
5838
27140
13775
27425
40275
42473
45156
17382
5030
9657
31924
49879
23344
26823
14149
32213

25705
45309
18004
35050
15079
18012
20468
30298

9342
285593
28456
5733
44904
16525
6221
35526
55677
31157
48998
13758
5674
38905
514924
30175

22253
39661
42677
48932
10522
1484
10631
1006
45794
6282
13443
5481
13625
4498
31928
17571
2813
8210
34878

45400
8589
42880
4044

460301
18828
14814
18698
26063
1157
39066
28525
42312
3721
10231
5295
19415

42642
1875
32458
46842
39488
1033
29919
1788
46000
49140
29180
24304
12459
10722

19055
29891
7581

32255
183198
8604
22374
3247
9138
11030

6563
27782
39317
22712
162
32665
5903
20663
5206
47777
16720
15676
13690
14382
33573
16416
49518
18478
39815

6329
31164
21564
39750
9321
21839
14587
34652
45972
565
40768

47257
18582
10634
39630
31079
40296
26856
6268
3733
39108

37742
196235
14555
25329
27751
18933
1942
154239
7002
7771
25965
39150
30557
40461
11880
19766
20530

35086
41371
24244
42047
26674
330
16422
27489
28316
34218
48687
5506

18676
1196
26874
40644
24960

49692
4110
31577
46084
6792
43067
8055
152
626
39178
172946
19748
18255
3241
44650
228793
39157
3412
46842

19986
44504
30180
21598
5120
42453
34295
43420
187519

10063
17134
18453
40755
9730
4065
23935
5672
6370
16979

44236
5309
2284
41776
11839
47140

45494
31688
42621
6550
18937
22877
42218
1127
5245
19786
38074

3155
29408
48357
17297
38395
5442
30674
13899
32149
16591
2955

12153
7002
41131
12962
14584
29222
34118
29579
10517
13314
48307
31765

8853

28160
38729
4590
4957
23512
11887
3680
16730
29584
45671
13942
24319

22436
9596

24087
49092
32468
41251
32108
21696
19211
17809
29526
48604
20198

10870
531557
44474
30948
17842
5503
5571
4613
7646
31044
4940
211967
2298
5838
151428
43439
8589
46626
5001

22843
14034
6249
7170
47218
46641
14192
33718
21711
9969
35715
41702
35999
45662
7949
13944

27978
46516
23224
31120
25106

44519
798
12371
14494
38177
13474
25497
45942
48725
46943
4217
1860
36220
19240
5431
31715
27382

39753
13379
14161
371
27776
631

26870
29929
3866
19206
12115
41487
3074
201
38420
36562
28817
28566
23829
8873
33887
24274

4203
47537
27402
14461
11815
35275
14913
39789
66708
42817

478104
32367
31975
35588
43363
26804
10444
11666
43611
42587
45494
23236
98
28928
12758
3404
36023

17998
37753
28093
17403
27456
24023
451514
33519
29736
38076
43925
18947

6332
40151
36449
26705
30068
49272
75015
40888
35652
473165

18969
9167
39650
31414
366
499222
8691
21140
33047
47427
7944
17763
35396
21578
35859

4828
24427
29809
9640
10590
36041
3224
32774
41781
18010
49389
42600
14267

47836
61572
31369
37524
18334
1939
8338
25486
49695
19097

10543
34487
33511
11599
17769
11966
33210
42031
28939
6421
19917

32740
4996
5574
35418
989
16064
39923
5225
43626
32372
39631
46319
2726
34140
16918
47142

333430
23287
33865
26277
37280
30199
25128
6763
32977
21181
23722
42194
49391
37641
35101
13463
2098
28880
41614

28894
195618
188
15146
39077
19271
16271
4387
33914
24635
43799
43127
30385
42622
467190
428521
39192
41473

6620
9611

38156
41264
18787
17593
21195
38062
41487
26904
17499
14593

3786
38367
26815

2779
36436
42301
49831
35583
37216
45169
37452
10077
19821
28160
19422
4553
13420
2519
43766
1620
12585
40606
37714

24930
41362
36772
26637
14191
11992
22692
19511
466
17266

5268
6607
3471
30270
39755
32468
34177
42199
42018
9091
4376
17980
26265
8240
16346
18958
9368
39468
5483

11591
19198
13084
9217
10246
248506
5976
71264
16445
38343
38939
44307

36225
25778
309870
19651
48058
27160
45886
42884
34922
19815
38284
7899
38261
16169
43908

46485
31490
11915
24197

27218
24695
4646
36944
201551
47374
23029
30566
4874
36769
39810
11619

16164

6713
42731
23021
23389
17709
49940
33444
36099

75796
23814
37237
19564
16919
36395
12703

32573
40081
13579
49613
40155
30403
46868
12777
33169
5974

11274
12906
17662

30365
17425
48876
34884
37328
26448
34051
33787
23355
13079
42514
19446
46679
38608

4262
32665
19926
22213
46840
47465
11117
31741
41440
7676
8444
17753
49998

34635
31754
31795
19600
4181
27345
44747
11784
5835
40531
27229
47832
10692
11160

33733
13018
9530
9414
35905
30670
8244
11264
23125
25149
10584
36143
29489
385425
11593

45326
15626
14429
48712
34188
21589
4207
11968
6055
48671
42606
17464

1544
1340
6087
24816
35926
41768
12825
34749
4276
12996
47422
9613
18837
22050
8398
8985
39157
5784
30625
2489

30704
23891
1861
34019

37577
32193
14180
38124
32901
46424
22817
18563
13531
291248
14795
33171
26861
120
46934

34512
20114
35408
36179
36750
767
5518
13552

45445
2347
345923
8500
48434
252774
442579
46232
23432
35395
46818
30383

9020
43207
18213
34370
28139
23233
19462
28444
10839
23194
2749
20293

13926
48314
22429
349152
32027
24737
9329
35957
24912

20353
34189
17280
28053
30565
16121
28624
3808

377960
265074
279
15177
85770
46251
33454

10570
7210
26634
30583
16314
29044
5735
16928
24536
41531
42527
13425
35004
31091
30718
141041
173936
1842

32425
24529
14632
1216
19100
4725

36621
16900

18256
2511
10732
41963
37714
20215
40426
18987
48122
518555
13809
4103
46633
21507
33650
38282
17919
27184
25808

29875
33592
8136
48614
17060
39276
28747
36854

3604
4408
39398
5514
16187
2322
18197
38223
49291
10395
32815
97127
5468
26500

40134
8498
5632
47377
1267
47214
23369
18514
26489
4712
31169
43506
8230
529829
17760
14812
34083
15873

29603
36683
17957
24020
38219
178821
34152
6514
36910
15323
39408
12283
22757
22702
18755
47836

34519
384734
39380
42444
6406
19325
24303
20368
8094
290
431711
38797
27964
31514
49053
22599
11585
4149
30113

36519
38168
38685
6698
5385
32562
31467
26575
15788
25741
43198
11474
49902
47272

43866
34527
154170
29638
43907
26907
443714
46019
7611
14436
32338
44954
31137

15383
20482
11919
14271
524164
321068
11739
28260
6187
22310
16908
19270
11246
13618
20070
35164
19748
15197

45820
75580
698
25391
37988
1304
23992
14193
407651

30695
12400
14522
18923
3211
32290
46293
22835
232
1689
4200
13006
43716
32030
27259
27114
27714
41423

10347
22994
41501
40761
43937
41268
468499
47052
49624
32189
13271
28733
38624
22224
44462
31570
23671

31524
6391
2307
13827
435366

47024
23454
17896
40724
47588
49668

44130
21761
60703
14569
1048
11083
27115
14868
41708
49043
13238
42378
1685

31033
68
49158
9338
7693
29019
19417
23653

14916
45465
43777
47459
39117
6036

2644
524169
25765
36110
13832
3472
22725
25536
28366
27646
30800
8840
30785
223633
20948

23592
48748
34590
28767
44667
5869

11462
40729
31094
4891
1702
3556
28644
19462
4971
23185
33087
14738

17136
16236
28813

354079
7000
36044
266
41976
36586
160855
370903
6739
22332
25593
20100
36911
19143
40206
43440

441
740
19768
20661
7776
27154
27847
3268
24375
45895
45898
31061

23681
47676
11333
33915
29463
354278
49613
8430
34051
1445
24579
44117

38267
16445
3567
9361
32067
28750

25937
39350
156600
33437
12562
122299
19934
35755
28311
18670
19843

20586
11922
6547
29796
32961
5352
10014
9290
23230
11762
29417

9821
25446
8945
15546
32228
15373
18509
47382
5359

31213
34180
18558
49986
43703

49400
37080
420
36488
15828

31202
46438
33685
25311
4461
43971
13380
28755
25554
9122

31051
13057
44085
30142
17319
7467
20861
3659

3832
25607
27617
43036
18706
45184
525100
41584
12804
38067
19550

43973
224317
15571
32997
6190
26614
33238
29734
17011
1147
10599
19128
13699

8753
6981
4764
3474
10704
35299
12023
4677
6863

12826
43132
47538
31220
24665
24258
3673
24294
6164
44626
46484

8195
17391
11204
15854
19784
49143
49738
47683
10243
23366
12627
1851
14579
14758
34115
49517
44052
478274
40218
129474

43114
5679
24148

33102
32845
2921
15861
38680
39603
12189
153697
38732

28950
38173
29024
31770

22270
31621
350
33806
31868

36900

162012
48553
14126
26847
243308
29205
45307
36015
3178
35855
244209
15619

13839
509613
25531
43138
49996
47542
43841
36221
17779

44625
1793
34766
372937
6558
11296
11117
20750
15719
21346
22189
311109
48533
12044
35735

46712
218775
13758
42527
9143
22534
923
41337
28442
16830
35719

27893
24914
45065

41856
21440

35198
9812

49617
22757
31694
12376
43976
36769

222480
3488
30230
28348
40410
10470
18403
40230

8753
11077
11077
28309
35611
35363
1037
32461
22284
21560
28509
27599
21061
48030
31385
25188

2618
47858
49014
13705
39378
5040
1251
30458
527805
29921
11599
14991
7578
34139
39614
36956
44983
36678
38830

506321
19393
4072
49545

33544
26680
11305
14249
6098

12064
6015
34002
7327
12364
42351
43235
26012
26564
35496

37253
20597
26723
17442
33236
11237
25220

32402
16960
12331
18044
3760
35578
35966
22342
262847
32017
34116
40681
32804
27231
35106
10372
118089
44978
19348

23108
33567
9397

37169
250015

49988
43240
35207
43213
4584
33343
15125

41196
12797
35836
5456
97682
14098
5769
34684
29959

45941
21046
27970
24188
30426
4693
46862
26646
3257
24207
7555
22976
22777
7737
32905
49026
32528
34352
12055
4515

9209
43773
49329

44907
5117
20091
41867
13744
23974
27133
8200
9426
2863
33797
46667
16588
24481
35031
5810
22792

42883

2104
6576
48471
15431
26075
31927

15725
42062
35609
37267
228926
17342
29769
7839
32700
7460
21387
32992
15322
47523
37943
18279
23683
32805
4458

17255
9967
39522
34181
3642

21811
2230
41828
43523
6788
14869
34190
34465
7798
3420
22530
26742
19047

13926
48398
39490
34847
26958

49013
18340
49663
40588
35878
39404
15161
18824
10807
5940
18150
24963

10093
23754
20717
2417
28968
175060
23240
33729

39380
46796
11394
28780
34168
40953
14049

49663
22628

41397
33764
10671
47289
31695
24638
38406
11984
11741
49839
4047
21393
44854
34112

20845
37348
27582

9196
19692
10306
28319
48469
31218
13772
22472
21850
2267
33539
22078
23576
33189
43478
40031
35978
26270

20942
35226
8919
7721
34261
28179
44160
44369
49665
36820
23400
350241
36023
36669
3392
15207
43359

2278
26005
29188
3138
28409
34387
30390
44825
14349
4046
371410
18061
34560
20497
27078

45708
19534
11398
23806

4532
23846
43105
13578
25840
5199
462096
334562
23331
41302
48455
28822
4366
8416
23296
40344
168175

37797
25385
25054
33155
7210
18409
46099
30921
44389
8034
36471
